0,1,1,1,0,1,0,0,0,1,1,0,0,0,1,1,0,0,0,1,1,0,0,0,1,1,0,0,0,1,1,0,0,0,1,0,1,1,1,0,cero
0,0,1,1,0,0,1,0,0,1,1,0,0,0,1,1,0,0,0,1,1,0,0,0,1,1,0,0,0,1,1,0,0,0,1,0,1,1,1,0,cero
0,0,1,0,0,0,1,0,1,0,1,0,0,0,1,1,0,0,0,1,1,0,0,0,1,1,0,0,0,1,1,0,0,1,0,0,1,1,0,0,cero
0,0,1,0,0,0,1,0,1,0,1,0,0,0,1,1,0,0,0,1,1,0,0,0,1,1,0,0,0,1,0,1,0,1,0,0,0,1,0,0,cero
0,1,1,1,0,1,1,0,1,1,1,0,0,0,1,1,0,0,0,1,1,0,0,0,1,1,0,0,0,1,1,1,0,1,1,0,1,1,1,0,cero
0,0,0,0,0,0,1,1,1,0,1,0,0,0,1,1,0,0,0,1,1,0,0,0,1,1,0,0,0,1,1,0,0,0,1,0,1,1,1,0,cero
0,0,0,0,0,1,1,1,1,1,1,0,0,0,1,1,0,0,0,1,1,0,0,0,1,1,0,0,0,1,1,0,0,0,1,1,1,1,1,1,cero
0,1,1,1,0,1,0,0,0,1,1,0,0,0,1,1,0,0,0,1,1,0,0,0,1,1,0,0,0,1,0,1,1,1,0,0,0,0,0,0,cero
0,0,1,0,0,0,1,1,0,0,1,0,1,0,0,0,0,1,0,0,0,0,1,0,0,0,0,1,0,0,0,0,1,0,0,1,1,1,1,1,uno
0,1,1,0,0,1,1,1,0,0,1,0,1,0,0,0,0,1,0,0,0,0,1,0,0,0,0,1,0,0,0,0,1,0,0,1,1,1,1,1,uno
0,1,1,0,0,1,1,1,0,0,1,0,1,0,0,0,0,1,0,0,0,0,1,0,0,0,0,1,0,0,0,0,1,0,0,0,0,1,0,0,uno
0,0,1,0,0,0,1,1,0,0,1,0,1,0,0,0,0,1,0,0,0,0,1,0,0,0,0,1,0,0,0,0,1,0,0,0,0,1,0,0,uno
0,0,1,0,0,0,0,1,0,0,0,0,1,0,0,0,0,1,0,0,0,0,1,0,0,0,0,1,0,0,0,0,1,0,0,0,0,1,0,0,uno
0,0,0,0,0,0,0,1,0,0,0,0,1,0,0,0,0,1,0,0,0,0,1,0,0,0,0,1,0,0,0,0,1,0,0,0,0,0,0,0,uno
0,0,0,0,0,0,0,1,0,0,0,1,1,0,0,0,0,1,0,0,0,0,1,0,0,0,0,1,0,0,0,1,1,1,0,0,0,0,0,0,uno
0,0,1,0,0,0,1,1,0,0,0,0,1,0,0,0,0,1,0,0,0,0,1,0,0,0,0,1,0,0,0,1,1,1,0,0,0,0,0,0,uno
0,0,1,0,0,0,1,1,0,0,0,0,1,0,0,0,0,1,0,0,0,0,1,0,0,0,0,1,0,0,0,0,1,0,0,0,1,1,1,0,uno
1,1,1,1,1,1,0,0,0,1,1,0,0,0,1,1,1,1,1,1,1,1,1,1,1,1,0,0,0,1,1,0,0,0,1,1,1,1,1,1,ocho
1,1,1,1,1,1,0,0,0,1,1,0,0,0,1,1,1,1,1,1,1,0,0,0,1,1,0,0,0,1,1,0,0,0,1,1,1,1,1,1,ocho
0,1,1,1,0,1,0,0,0,1,1,0,0,0,1,1,1,1,1,1,1,0,0,0,1,1,0,0,0,1,1,0,0,0,1,0,1,1,1,0,ocho
0,1,1,1,0,1,0,0,0,1,1,0,0,0,1,0,1,1,1,0,1,0,0,0,1,1,0,0,0,1,1,0,0,0,1,0,1,1,1,0,ocho
0,0,0,0,0,1,1,1,1,0,0,0,0,1,0,0,0,0,1,0,1,1,1,1,0,1,0,0,0,0,1,0,0,0,0,1,1,1,1,0,dos
0,1,1,1,0,1,0,0,0,1,0,1,0,0,1,0,0,0,1,0,0,0,1,0,0,0,1,0,0,0,1,0,0,0,0,1,1,1,1,1,dos
0,0,1,1,0,0,1,0,0,1,0,1,0,0,1,0,0,0,1,0,0,0,1,0,0,0,1,0,0,0,0,1,0,0,0,0,1,1,1,1,dos
1,1,1,1,1,1,0,0,0,1,0,0,0,1,0,0,0,1,0,0,0,1,0,0,0,1,0,0,0,1,1,1,1,1,1,0,0,0,0,0,dos
1,1,1,1,0,1,0,0,1,0,0,0,1,0,0,0,1,1,0,0,0,0,0,1,0,0,0,0,1,0,1,0,0,1,0,0,1,1,0,0,tres
0,1,1,0,0,1,0,0,1,0,1,0,0,1,0,0,1,1,0,0,0,0,0,1,0,1,0,0,1,0,0,1,1,0,0,0,0,0,0,0,tres
1,1,1,1,0,0,0,0,0,1,0,0,0,0,1,0,0,1,1,0,0,0,0,0,1,0,0,0,0,1,1,1,1,1,0,0,0,0,0,0,tres
0,1,1,1,0,0,1,0,0,1,0,0,0,0,1,0,0,1,1,0,0,0,0,0,1,0,1,0,0,1,0,1,1,1,0,0,0,0,0,0,tres
0,0,0,0,1,0,0,1,0,1,0,1,0,0,1,1,1,1,1,1,0,0,0,0,1,0,0,0,0,1,0,0,0,0,1,0,0,0,0,1,cuatro
0,0,0,1,1,0,0,1,0,1,0,1,0,0,1,1,0,0,0,1,1,1,1,1,1,0,0,0,0,1,0,0,0,0,1,0,0,0,0,1,cuatro
0,0,0,1,1,0,0,1,0,1,0,0,1,0,1,0,1,0,0,1,1,1,1,1,1,0,0,0,0,1,0,0,0,0,1,0,0,0,0,1,cuatro
0,0,0,1,1,0,0,1,0,1,0,1,0,0,1,1,0,0,0,1,1,1,1,1,1,0,0,0,0,1,0,0,0,0,1,0,0,0,0,1,cuatro
1,1,1,1,1,1,0,0,0,0,1,0,0,0,0,1,1,1,0,0,0,0,0,1,0,0,0,0,0,1,0,0,0,0,1,1,1,1,1,0,cinco
1,1,1,1,0,1,0,0,0,0,1,0,0,0,0,1,1,1,1,0,0,0,0,1,1,0,0,0,0,1,0,0,0,1,1,1,1,1,1,0,cinco
1,1,1,1,1,1,0,0,0,0,1,0,0,0,0,1,1,1,1,1,0,0,0,0,1,0,0,0,0,1,0,0,0,0,1,1,1,1,1,1,cinco
1,1,1,1,0,1,0,0,0,0,1,0,0,0,0,1,1,1,0,0,0,0,0,1,0,0,0,0,0,1,0,0,0,1,0,1,1,1,0,0,cinco
0,0,0,1,1,0,1,1,0,0,1,1,0,0,0,1,1,1,0,0,1,0,0,1,0,1,0,0,0,1,1,0,0,0,1,1,1,1,1,0,seis
0,0,1,1,0,0,1,0,0,0,1,0,0,0,0,1,1,1,1,0,1,1,0,1,1,1,0,0,0,1,1,1,0,1,1,0,1,1,1,0,seis
1,1,1,1,1,1,0,0,0,0,1,0,0,0,0,1,1,1,1,1,1,1,1,1,1,1,0,0,0,1,1,0,0,0,1,1,1,1,1,1,seis
0,1,1,1,0,1,0,0,0,1,1,0,0,0,0,1,1,1,1,1,1,0,0,1,1,1,0,0,0,1,1,0,0,1,1,0,1,1,1,1,seis
1,1,1,1,1,0,0,0,1,0,0,0,1,0,0,0,0,1,0,0,0,0,1,0,0,0,1,0,0,0,0,1,0,0,0,1,0,0,0,0,siete
1,1,1,1,1,0,0,0,1,0,0,0,0,1,0,0,0,1,0,0,0,0,1,0,0,0,1,0,0,0,0,1,0,0,0,1,0,0,0,0,siete
1,1,1,1,1,0,0,0,0,1,0,0,0,1,0,0,0,0,1,0,0,0,1,0,0,0,0,1,0,0,0,1,0,0,0,0,1,0,0,0,siete
1,1,1,1,1,0,0,0,0,1,0,0,0,0,1,0,0,0,0,1,0,0,0,1,0,0,0,1,0,0,0,1,0,0,0,1,0,0,0,0,siete
0,1,1,1,0,1,0,0,0,1,1,0,0,0,1,0,1,1,1,1,0,0,0,0,1,0,0,0,0,1,0,0,0,0,1,0,0,0,0,1,nueve
0,1,1,1,0,1,0,0,0,1,1,0,0,0,1,0,1,1,1,1,0,0,0,0,1,0,0,0,0,1,0,0,0,1,0,1,1,1,0,0,nueve
1,1,1,1,1,1,0,0,0,1,1,0,0,0,1,1,1,1,1,1,0,0,0,0,1,0,0,0,0,1,0,0,0,0,1,0,0,0,0,1,nueve
0,1,1,1,1,0,1,0,0,1,0,1,0,0,1,0,1,1,1,1,0,0,0,0,1,0,0,0,0,1,0,0,0,0,1,0,0,0,0,1,nueve